t,S,I,R,scale_contact,scale_infection_prob,scale_delta,beta,delta,contact_rate,infection_prob,I0,N
0.0,11347.0,5.0,0.0,1.0,0.9,0.9,0.37349999999999994,0.1125,10.0,0.037349999999999994,5.0,11352.0
0.25,11346.533330635571,5.326044364429175,0.140625,1.0,0.9,0.9,0.37349999999999994,0.1125,10.0,0.037349999999999994,5.0,11352.0
0.5,11346.03625073218,5.673329270070805,0.29041999774957056,1.0,0.9,0.9,0.37349999999999994,0.1125,10.0,0.037349999999999994,5.0,11352.0
0.75,11345.50678191312,6.0432357034099295,0.44998238347031194,1.0,0.9,0.9,0.37349999999999994,0.1125,10.0,0.037349999999999994,5.0,11352.0
1.0,11344.942817545296,6.437234067075801,0.6199483876287162,1.0,0.9,0.9,0.37349999999999994,0.1125,10.0,0.037349999999999994,5.0,11352.0
1.25,11344.34211448484,6.856889919395764,0.8009955957652231,1.0,0.9,0.9,0.37349999999999994,0.1125,10.0,0.037349999999999994,5.0,11352.0
1.5,11343.70228429963,7.303870075622192,0.9938456247482289,1.0,0.9,0.9,0.37349999999999994,0.1125,10.0,0.037349999999999994,5.0,11352.0
1.75,11343.020783936669,7.779949092707947,1.1992669706251031,1.0,0.9,0.9,0.37349999999999994,0.1125,10.0,0.037349999999999994,5.0,11352.0
2.0,11342.294905800441,8.28701616070315,1.418078038857514,1.0,0.9,0.9,0.37349999999999994,0.1125,10.0,0.037349999999999994,5.0,11352.0
2.25,11341.521767206534,8.82708242509106,1.6511503683772901,1.0,0.9,0.9,0.37349999999999994,0.1125,10.0,0.037349999999999994,5.0,11352.0
2.5,11340.698299172747,9.40228876567267,1.8994120615829762,1.0,0.9,0.9,0.37349999999999994,0.1125,10.0,0.037349999999999994,5.0,11352.0
2.75,11339.82123450794,10.014914058946715,2.16385143311752,1.0,0.9,0.9,0.37349999999999994,0.1125,10.0,0.037349999999999994,5.0,11352.0
3.0,11338.887095156666,10.66738395231218,2.4455208910253963,1.0,0.9,0.9,0.37349999999999994,0.1125,10.0,0.037349999999999994,5.0,11352.0
3.25,11337.89217875548,11.362280179841049,2.7455410646841765,1.0,0.9,0.9,0.37349999999999994,0.1125,10.0,0.037349999999999994,5.0,11352.0
3.5,11336.832544354436,12.102350450826169,3.065105194742206,1.0,0.9,0.9,0.37349999999999994,0.1125,10.0,0.037349999999999994,5.0,11352.0
3.75,11335.703997255036,12.89051894379788,3.405483801171692,1.0,0.9,0.9,0.37349999999999994,0.1125,10.0,0.037349999999999994,5.0,11352.0
4.0,11334.502072913321,13.729897440217275,3.7680296464660072,1.0,0.9,0.9,0.37349999999999994,0.1125,10.0,0.037349999999999994,5.0,11352.0
4.25,11333.222019854446,14.623797133586049,4.154183011972118,1.0,0.9,0.9,0.37349999999999994,0.1125,10.0,0.037349999999999994,5.0,11352.0
4.5,11331.858781542396,15.575741151253762,4.565477306354226,1.0,0.9,0.9,0.37349999999999994,0.1125,10.0,0.037349999999999994,5.0,11352.0
4.75,11330.406977146029,16.589477827741778,5.003545026233238,1.0,0.9,0.9,0.37349999999999994,0.1125,10.0,0.037349999999999994,5.0,11352.0
5.0,11328.860881139939,17.6689947699259,5.470124090138476,1.0,0.9,0.9,0.37349999999999994,0.1125,10.0,0.037349999999999994,5.0,11352.0
5.25,11327.21440167605,18.818533755911197,5.967064568042641,1.0,0.9,0.9,0.37349999999999994,0.1125,10.0,0.037349999999999994,5.0,11352.0
5.5,11325.461057659202,20.04260651087403,6.496335829927643,1.0,0.9,0.9,0.37349999999999994,0.1125,10.0,0.037349999999999994,5.0,11352.0
5.75,11323.593954457441,21.346011404516062,7.0600341380459755,1.0,0.9,0.9,0.37349999999999994,0.1125,10.0,0.037349999999999994,5.0,11352.0
6.0,11321.605758175157,22.733851116047923,7.66039070879799,1.0,0.9,0.9,0.37349999999999994,0.1125,10.0,0.037349999999999994,5.0,11352.0
6.25,11319.4886684148,24.211551313766343,8.299780271436838,1.0,0.9,0.9,0.37349999999999994,0.1125,10.0,0.037349999999999994,5.0,11352.0
6.5,11317.234389450594,25.784880397274165,8.980730152136516,1.0,0.9,0.9,0.37349999999999994,0.1125,10.0,0.037349999999999994,5.0,11352.0
6.75,11314.834099735517,27.45997035117798,9.705929913309852,1.0,0.9,0.9,0.37349999999999994,0.1125,10.0,0.037349999999999994,5.0,11352.0
7.0,11312.27841966093,29.243338759638224,10.478241579436732,1.0,0.9,0.9,0.37349999999999994,0.1125,10.0,0.037349999999999994,5.0,11352.0
7.25,11309.557377486564,31.141912031389243,11.300710482051556,1.0,0.9,0.9,0.37349999999999994,0.1125,10.0,0.037349999999999994,5.0,11352.0
7.5,11306.660373357337,33.16304988473294,12.176576757934379,1.0,0.9,0.9,0.37349999999999994,0.1125,10.0,0.037349999999999994,5.0,11352.0
7.75,11303.57614132259,35.314571141471596,13.109287535942492,1.0,0.9,0.9,0.37349999999999994,0.1125,10.0,0.037349999999999994,5.0,11352.0
8.0,11300.292709273,37.60478087770639,14.10250984929638,1.0,0.9,0.9,0.37349999999999994,0.1125,10.0,0.037349999999999994,5.0,11352.0
8.25,11296.79735671072,40.0424989778013,15.160144311481872,1.0,0.9,0.9,0.37349999999999994,0.1125,10.0,0.037349999999999994,5.0,11352.0
8.5,11293.076570269272,42.637090135498866,16.286339595232533,1.0,0.9,0.9,0.37349999999999994,0.1125,10.0,0.037349999999999994,5.0,11352.0
8.75,11289.115996901644,45.398495343064205,17.48550775529344,1.0,0.9,0.9,0.37349999999999994,0.1125,10.0,0.037349999999999994,5.0,11352.0
9.0,11284.900394657883,48.337264905302085,18.76234043681712,1.0,0.9,0.9,0.37349999999999994,0.1125,10.0,0.037349999999999994,5.0,11352.0
9.25,11280.413580977523,51.46459301019938,20.121826012278742,1.0,0.9,0.9,0.37349999999999994,0.1125,10.0,0.037349999999999994,5.0,11352.0
9.5,11275.638378427675,54.79235388163563,21.569267690690598,1.0,0.9,0.9,0.37349999999999994,0.1125,10.0,0.037349999999999994,5.0,11352.0
9.75,11270.556557824484,58.33313953190464,23.1103026436116,1.0,0.9,0.9,0.37349999999999994,0.1125,10.0,0.037349999999999994,5.0,11352.0
10.0,11265.148778684548,62.10029912250639,24.75092219294642,1.0,0.9,0.9,0.37349999999999994,0.1125,10.0,0.037349999999999994,5.0,11352.0
10.25,11259.394526963646,66.10797993058793,26.49749310576691,1.0,0.9,0.9,0.37349999999999994,0.1125,10.0,0.037349999999999994,5.0,11352.0
10.5,11253.272050053387,70.37116990529887,28.356780041314696,1.0,0.9,0.9,0.37349999999999994,0.1125,10.0,0.037349999999999994,5.0,11352.0
10.75,11246.758289022177,74.90574178292235,30.335969194901228,1.0,0.9,0.9,0.37349999999999994,0.1125,10.0,0.037349999999999994,5.0,11352.0
11.0,11239.82880810579,79.72849871166298,32.442693182545916,1.0,0.9,0.9,0.37349999999999994,0.1125,10.0,0.037349999999999994,5.0,11352.0
11.25,11232.457721475077,84.85722131611057,34.685057208811436,1.0,0.9,0.9,0.37349999999999994,0.1125,10.0,0.037349999999999994,5.0,11352.0
11.5,11224.617617334354,90.31071610731811,37.071666558327045,1.0,0.9,0.9,0.37349999999999994,0.1125,10.0,0.037349999999999994,5.0,11352.0
11.75,11216.279479434379,96.10886511677398,39.61165544884537,1.0,0.9,0.9,0.37349999999999994,0.1125,10.0,0.037349999999999994,5.0,11352.0
12.0,11207.412606118818,102.27267660092525,42.31471728025464,1.0,0.9,0.9,0.37349999999999994,0.1125,10.0,0.037349999999999994,5.0,11352.0
12.25,11197.98452706343,108.82433662691145,45.19113630965566,1.0,0.9,0.9,0.37349999999999994,0.1125,10.0,0.037349999999999994,5.0,11352.0
12.5,11187.960917913348,115.7872613093624,48.25182077728755,1.0,0.9,0.9,0.37349999999999994,0.1125,10.0,0.037349999999999994,5.0,11352.0
12.75,11177.305513076335,123.18614942204836,51.50833750161337,1.0,0.9,0.9,0.37349999999999994,0.1125,10.0,0.037349999999999994,5.0,11352.0
13.0,11165.98001698951,131.04703505637792,54.97294795410848,1.0,0.9,0.9,0.37349999999999994,0.1125,10.0,0.037349999999999994,5.0,11352.0
13.25,11153.944014244182,139.3973399407458,58.65864581506911,1.0,0.9,0.9,0.37349999999999994,0.1125,10.0,0.037349999999999994,5.0,11352.0
13.5,11141.154879029033,148.2659249700609,62.579196000902584,1.0,0.9,0.9,0.37349999999999994,0.1125,10.0,0.037349999999999994,5.0,11352.0
13.75,11127.567684436335,157.68314042297456,66.74917514068555,1.0,0.9,0.9,0.37349999999999994,0.1125,10.0,0.037349999999999994,5.0,11352.0
14.0,11113.135112269976,167.68087426493778,71.1840134650817,1.0,0.9,0.9,0.37349999999999994,0.1125,10.0,0.037349999999999994,5.0,11352.0
14.25,11097.807364098366,178.29259784784722,75.90003805378308,1.0,0.9,0.9,0.37349999999999994,0.1125,10.0,0.037349999999999994,5.0,11352.0
14.5,11081.532074410381,189.55340822136068,80.91451736825378,1.0,0.9,0.9,0.37349999999999994,0.1125,10.0,0.037349999999999994,5.0,11352.0
14.75,11064.254226858793,201.50006616672331,86.24570697447955,1.0,0.9,0.9,0.37349999999999994,0.1125,10.0,0.037349999999999994,5.0,11352.0
15.0,11045.916074713557,214.17102895101996,91.91289633541864,1.0,0.9,0.9,0.37349999999999994,0.1125,10.0,0.037349999999999994,5.0,11352.0
15.25,11026.457066797147,227.60647667818293,97.93645652466607,1.0,0.9,0.9,0.37349999999999994,0.1125,10.0,0.037349999999999994,5.0,11352.0
15.5,11005.813780335697,241.84833098305924,104.33788868123996,1.0,0.9,0.9,0.37349999999999994,0.1125,10.0,0.037349999999999994,5.0,11352.0
15.75,10983.919862333012,256.9402646768447,111.1398729901385,1.0,0.9,0.9,0.37349999999999994,0.1125,10.0,0.037349999999999994,5.0,11352.0
16.0,10960.705981258829,272.9277008069911,118.36631793417476,1.0,0.9,0.9,0.37349999999999994,0.1125,10.0,0.037349999999999994,5.0,11352.0
16.25,10936.099791037208,289.8577994434156,126.04240951937139,1.0,0.9,0.9,0.37349999999999994,0.1125,10.0,0.037349999999999994,5.0,11352.0
16.5,10910.025909524225,307.7794303470514,134.19466012871746,1.0,0.9,0.9,0.37349999999999994,0.1125,10.0,0.037349999999999994,5.0,11352.0
16.75,10882.405913874229,326.74312951853824,142.85095660722828,1.0,0.9,0.9,0.37349999999999994,0.1125,10.0,0.037349999999999994,5.0,11352.0
17.0,10853.158355408234,346.8010374668239,152.04060712493717,1.0,0.9,0.9,0.37349999999999994,0.1125,10.0,0.037349999999999994,5.0,11352.0
17.25,10822.198796813347,368.00681688295515,161.7943863036916,1.0,0.9,0.9,0.37349999999999994,0.1125,10.0,0.037349999999999994,5.0,11352.0
17.5,10789.439874713995,390.41554725747346,172.1445780285247,1.0,0.9,0.9,0.37349999999999994,0.1125,10.0,0.037349999999999994,5.0,11352.0
17.75,10754.79139085932,414.0835938455323,183.12501529514114,1.0,0.9,0.9,0.37349999999999994,0.1125,10.0,0.037349999999999994,5.0,11352.0
18.0,10718.16043535997,439.0684482679765,194.77111637204675,1.0,0.9,0.9,0.37349999999999994,0.1125,10.0,0.037349999999999994,5.0,11352.0
18.25,10679.451545574375,465.4285379460349,207.1199164795836,1.0,0.9,0.9,0.37349999999999994,0.1125,10.0,0.037349999999999994,5.0,11352.0
18.5,10638.566904380808,493.22300150986865,220.21009410931583,1.0,0.9,0.9,0.37349999999999994,0.1125,10.0,0.037349999999999994,5.0,11352.0
18.75,10595.406581667237,522.5114273059746,234.08199102678088,1.0,0.9,0.9,0.37349999999999994,0.1125,10.0,0.037349999999999994,5.0,11352.0
19.0,10549.868822914837,553.3535521653937,248.77762491976142,1.0,0.9,0.9,0.37349999999999994,0.1125,10.0,0.037349999999999994,5.0,11352.0
19.25,10501.850388730718,585.8089176948619,264.34069357441314,1.0,0.9,0.9,0.37349999999999994,0.1125,10.0,0.037349999999999994,5.0,11352.0
19.5,10451.246949087024,619.9364815283881,280.81656938458116,1.0,0.9,0.9,0.37349999999999994,0.1125,10.0,0.037349999999999994,5.0,11352.0
19.75,10397.953535832561,655.7941812398659,298.2522829275671,1.0,0.9,0.9,0.37349999999999994,0.1125,10.0,0.037349999999999994,5.0,11352.0
20.0,10341.865056743807,693.4384489812489,316.6964942749383,1.0,0.9,0.9,0.37349999999999994,0.1125,10.0,0.037349999999999994,5.0,11352.0
20.25,10282.87687395886,732.9236753885988,336.1994506525359,1.0,0.9,0.9,0.37349999999999994,0.1125,10.0,0.037349999999999994,5.0,11352.0
20.5,10220.885449074625,774.3016219025293,356.81292902284025,1.0,0.9,0.9,0.37349999999999994,0.1125,10.0,0.037349999999999994,5.0,11352.0
20.75,10155.789056469443,817.6207813917041,378.5901621388489,1.0,0.9,0.9,0.37349999999999994,0.1125,10.0,0.037349999999999994,5.0,11352.0
21.0,10087.48856552679,862.9256878577146,401.58574661549056,1.0,0.9,0.9,0.37349999999999994,0.1125,10.0,0.037349999999999994,5.0,11352.0
21.25,10015.888291369753,910.2561770437541,425.8555315864888,1.0,0.9,0.9,0.37349999999999994,0.1125,10.0,0.037349999999999994,5.0,11352.0
21.5,9940.896912463037,959.6466009711137,451.4564865658444,1.0,0.9,0.9,0.37349999999999994,0.1125,10.0,0.037349999999999994,5.0,11352.0
21.75,9862.428451996939,1011.1250007848985,478.446547218157,1.0,0.9,0.9,0.37349999999999994,0.1125,10.0,0.037349999999999994,5.0,11352.0
22.0,9780.403318339093,1064.71224379567,506.88443786523226,1.0,0.9,0.9,0.37349999999999994,0.1125,10.0,0.037349999999999994,5.0,11352.0
22.25,9694.749398036121,1120.4211322418887,536.8294697219854,1.0,0.9,0.9,0.37349999999999994,0.1125,10.0,0.037349999999999994,5.0,11352.0
22.5,9605.403192888134,1178.2554930455738,568.3413140662885,1.0,0.9,0.9,0.37349999999999994,0.1125,10.0,0.037349999999999994,5.0,11352.0
22.75,9512.310990534159,1238.2092596576424,601.4797498081953,1.0,0.9,0.9,0.37349999999999994,0.1125,10.0,0.037349999999999994,5.0,11352.0
23.0,9415.430055817047,1300.2655589468832,636.3043852360664,1.0,0.9,0.9,0.37349999999999994,0.1125,10.0,0.037349999999999994,5.0,11352.0
23.25,9314.729827994677,1364.3958179238728,672.8743540814476,1.0,0.9,0.9,0.37349999999999994,0.1125,10.0,0.037349999999999994,5.0,11352.0
23.5,9210.193106695151,1430.5589068442903,711.2479864605565,1.0,0.9,0.9,0.37349999999999994,0.1125,10.0,0.037349999999999994,5.0,11352.0
23.75,9101.817207453207,1498.7003368312382,751.4824557155522,1.0,0.9,0.9,0.37349999999999994,0.1125,10.0,0.037349999999999994,5.0,11352.0
24.0,8989.615065799797,1568.7515315112698,793.6334026889308,1.0,0.9,0.9,0.37349999999999994,0.1125,10.0,0.037349999999999994,5.0,11352.0
24.25,8873.616267301502,1640.6291931858102,837.7545395126853,1.0,0.9,0.9,0.37349999999999994,0.1125,10.0,0.037349999999999994,5.0,11352.0
24.5,8753.867979761248,1714.2347846677135,883.8972355710362,1.0,0.9,0.9,0.37349999999999994,0.1125,10.0,0.037349999999999994,5.0,11352.0
24.75,8630.435763097908,1789.4541480122734,932.1100888898156,1.0,0.9,0.9,0.37349999999999994,0.1125,10.0,0.037349999999999994,5.0,11352.0
25.0,8503.404232317589,1866.1572808797475,982.4384868026608,1.0,0.9,0.9,0.37349999999999994,0.1125,10.0,0.037349999999999994,5.0,11352.0
25.25,8372.877549561894,1944.198290110699,1034.9241603274038,1.0,0.9,0.9,0.37349999999999994,0.1125,10.0,0.037349999999999994,5.0,11352.0
25.5,8238.979722541018,2023.4155402222116,1089.6047372367673,1.0,0.9,0.9,0.37349999999999994,0.1125,10.0,0.037349999999999994,5.0,11352.0
25.75,8101.8546887825905,2103.63201191189,1146.513299305517,1.0,0.9,0.9,0.37349999999999994,0.1125,10.0,0.037349999999999994,5.0,11352.0
26.0,7961.6661680731495,2184.655882286309,1205.6779496405388,1.0,0.9,0.9,0.37349999999999994,0.1125,10.0,0.037349999999999994,5.0,11352.0
26.25,7818.59726922625,2266.281334443906,1267.1213963298412,1.0,0.9,0.9,0.37349999999999994,0.1125,10.0,0.037349999999999994,5.0,11352.0
26.5,7672.8498418298905,2348.289599309031,1330.860558861076,1.0,0.9,0.9,0.37349999999999994,0.1125,10.0,0.037349999999999994,5.0,11352.0
26.75,7524.643568815995,2430.45022734236,1396.9062038416425,1.0,0.9,0.9,0.37349999999999994,0.1125,10.0,0.037349999999999994,5.0,11352.0
27.0,7374.2148014252625,2512.522582089089,1465.2626164856465,1.0,0.9,0.9,0.37349999999999994,0.1125,10.0,0.037349999999999994,5.0,11352.0
27.25,7221.81514424287,2594.257541650226,1535.927314106902,1.0,0.9,0.9,0.37349999999999994,0.1125,10.0,0.037349999999999994,5.0,11352.0
27.5,7067.709804252561,2675.3993882816217,1608.8908074658145,1.0,0.9,0.9,0.37349999999999994,0.1125,10.0,0.037349999999999994,5.0,11352.0
27.75,6912.175724072015,2755.687860666747,1684.1364152612352,1.0,0.9,0.9,0.37349999999999994,0.1125,10.0,0.037349999999999994,5.0,11352.0
28.0,6755.4995254504665,2834.8603382070437,1761.6401363424875,1.0,0.9,0.9,0.37349999999999994,0.1125,10.0,0.037349999999999994,5.0,11352.0
28.25,6597.975294487876,2912.654122157561,1841.3705833545605,1.0,0.9,0.9,0.37349999999999994,0.1125,10.0,0.037349999999999994,5.0,11352.0
28.5,6439.902244642918,2988.8087748168377,1923.288980540242,1.0,0.9,0.9,0.37349999999999994,0.1125,10.0,0.037349999999999994,5.0,11352.0
28.75,6281.582297229464,3063.068475438569,2007.3492273319655,1.0,0.9,0.9,0.37349999999999994,0.1125,10.0,0.037349999999999994,5.0,11352.0
29.0,6123.317621591295,3135.184350205027,2093.4980282036754,1.0,0.9,0.9,0.37349999999999994,0.1125,10.0,0.037349999999999994,5.0,11352.0
29.25,5965.408178374515,3204.916733572291,2181.6750880531918,1.0,0.9,0.9,0.37349999999999994,0.1125,10.0,0.037349999999999994,5.0,11352.0
29.5,5808.149309225733,3272.0373195893517,2271.8133711849123,1.0,0.9,0.9,0.37349999999999994,0.1125,10.0,0.037349999999999994,5.0,11352.0
29.75,5651.82941483204,3336.3311643695947,2363.839420798363,1.0,0.9,0.9,0.37349999999999994,0.1125,10.0,0.037349999999999994,5.0,11352.0
30.0,5496.727760547922,3397.598504655818,2457.6737347962576,1.0,0.9,0.9,0.37349999999999994,0.1125,10.0,0.037349999999999994,5.0,11352.0
30.25,5343.112445044661,3455.6563622156336,2553.2311927397022,1.0,0.9,0.9,0.37349999999999994,0.1125,10.0,0.037349999999999994,5.0,11352.0
30.5,5191.238562639361,3510.33990943362,2650.421527927017,1.0,0.9,0.9,0.37349999999999994,0.1125,10.0,0.037349999999999994,5.0,11352.0
30.75,5041.346584423513,3561.5035776966465,2749.1498378798374,1.0,0.9,0.9,0.37349999999999994,0.1125,10.0,0.037349999999999994,5.0,11352.0
31.0,4893.660977251491,3609.02189674595,2849.3171260025556,1.0,0.9,0.9,0.37349999999999994,0.1125,10.0,0.037349999999999994,5.0,11352.0
31.25,4748.389073316641,3652.790059834821,2950.8208668485354,1.0,0.9,0.9,0.37349999999999994,0.1125,10.0,0.037349999999999994,5.0,11352.0
31.5,4605.720196684684,3692.7242160339233,3053.5555872813898,1.0,0.9,0.9,0.37349999999999994,0.1125,10.0,0.037349999999999994,5.0,11352.0
31.75,4465.82504700376,3728.7614971388934,3157.4134558573437,1.0,0.9,0.9,0.37349999999999994,0.1125,10.0,0.037349999999999994,5.0,11352.0
32.0,4328.855334874786,3760.859792160836,3262.284872964375,1.0,0.9,0.9,0.37349999999999994,0.1125,10.0,0.037349999999999994,5.0,11352.0
32.25,4194.943658217219,3788.9972871638797,3368.0590546188987,1.0,0.9,0.9,0.37349999999999994,0.1125,10.0,0.037349999999999994,5.0,11352.0
32.5,4064.203604535375,3813.17179214424,3474.624603320383,1.0,0.9,0.9,0.37349999999999994,0.1125,10.0,0.037349999999999994,5.0,11352.0
32.75,3936.7300603676963,3833.3998796578617,3581.8700599744398,1.0,0.9,0.9,0.37349999999999994,0.1125,10.0,0.037349999999999994,5.0,11352.0
33.0,3812.5997064308867,3849.7158619792935,3689.684431589817,1.0,0.9,0.9,0.37349999999999994,0.1125,10.0,0.037349999999999994,5.0,11352.0
33.25,3691.87167505731,3862.1706347347026,3797.957690207985,1.0,0.9,0.9,0.37349999999999994,0.1125,10.0,0.037349999999999994,5.0,11352.0
33.5,3574.5883454364334,3870.8304152536657,3906.581239309898,1.0,0.9,0.9,0.37349999999999994,0.1125,10.0,0.037349999999999994,5.0,11352.0
33.75,3460.7762518485592,3875.7754034125305,4015.4483447389075,1.0,0.9,0.9,0.37349999999999994,0.1125,10.0,0.037349999999999994,5.0,11352.0
34.0,3350.4470804382267,3877.0983916018854,4124.454527959885,1.0,0.9,0.9,0.37349999999999994,0.1125,10.0,0.037349999999999994,5.0,11352.0
34.25,3243.598731016588,3874.903348759721,4233.497920223688,1.0,0.9,0.9,0.37349999999999994,0.1125,10.0,0.037349999999999994,5.0,11352.0
34.5,3140.2164217992454,3869.3040012931965,4342.479576907555,1.0,0.9,0.9,0.37349999999999994,0.1125,10.0,0.037349999999999994,5.0,11352.0
34.75,3040.273816768761,3860.4224312873093,4451.303751943927,1.0,0.9,0.9,0.37349999999999994,0.1125,10.0,0.037349999999999994,5.0,11352.0
35.0,2943.7341573925096,3848.3877097836057,4559.878132823882,1.0,0.9,0.9,0.37349999999999994,0.1125,10.0,0.037349999999999994,5.0,11352.0
35.25,2850.551382627291,3833.3345802111608,4668.114037161546,1.0,0.9,0.9,0.37349999999999994,0.1125,10.0,0.037349999999999994,5.0,11352.0
35.5,2760.6712234129745,3815.4022043570385,4775.926572229984,1.0,0.9,0.9,0.37349999999999994,0.1125,10.0,0.037349999999999994,5.0,11352.0
35.75,2674.0322601215694,3794.732980650902,4883.2347592275255,1.0,0.9,0.9,0.37349999999999994,0.1125,10.0,0.037349999999999994,5.0,11352.0
36.0,2590.5669336220603,3771.4714420696046,4989.961624308332,1.0,0.9,0.9,0.37349999999999994,0.1125,10.0,0.037349999999999994,5.0,11352.0
36.25,2510.202502695051,3745.7632386884065,5096.03425861654,1.0,0.9,0.9,0.37349999999999994,0.1125,10.0,0.037349999999999994,5.0,11352.0
36.5,2432.861942447679,3717.7542078476667,5201.383849704651,1.0,0.9,0.9,0.37349999999999994,0.1125,10.0,0.037349999999999994,5.0,11352.0
36.75,2358.4647801132387,3687.5895330863914,5305.945686800366,1.0,0.9,0.9,0.37349999999999994,0.1125,10.0,0.037349999999999994,5.0,11352.0
37.0,2286.927866156866,3655.4129914247096,5409.659142418421,1.0,0.9,0.9,0.37349999999999994,0.1125,10.0,0.037349999999999994,5.0,11352.0
37.25,2218.1660799429437,3621.3662872548116,5512.467632802241,1.0,0.9,0.9,0.37349999999999994,0.1125,10.0,0.037349999999999994,5.0,11352.0
37.5,2152.0929703532915,3585.588470015422,5614.318559631282,1.0,0.9,0.9,0.37349999999999994,0.1125,10.0,0.037349999999999994,5.0,11352.0
37.75,2088.6213326853444,3548.2154319641854,5715.1632353504665,1.0,0.9,0.9,0.37349999999999994,0.1125,10.0,0.037349999999999994,5.0,11352.0
38.0,2027.6637239182735,3509.3794817072635,5814.95679437446,1.0,0.9,0.9,0.37349999999999994,0.1125,10.0,0.037349999999999994,5.0,11352.0
38.25,1969.1329190272286,3469.2089886752915,5913.658092297476,1.0,0.9,0.9,0.37349999999999994,0.1125,10.0,0.037349999999999994,5.0,11352.0
38.5,1912.9423114683018,3427.828093427726,6011.229595103969,1.0,0.9,0.9,0.37349999999999994,0.1125,10.0,0.037349999999999994,5.0,11352.0
38.75,1859.0062612670251,3385.3564785013477,6107.637260231623,1.0,0.9,0.9,0.37349999999999994,0.1125,10.0,0.037349999999999994,5.0,11352.0
39.0,1807.2403943388879,3341.9091944716347,6202.850411189474,1.0,0.9,0.9,0.37349999999999994,0.1125,10.0,0.037349999999999994,5.0,11352.0
39.25,1757.5618567686925,3297.5965359473153,6296.841607283988,1.0,0.9,0.9,0.37349999999999994,0.1125,10.0,0.037349999999999994,5.0,11352.0
39.5,1709.8895277928139,3252.5239623496755,6389.586509857507,1.0,0.9,0.9,0.37349999999999994,0.1125,10.0,0.037349999999999994,5.0,11352.0
39.75,1664.1441951796035,3206.792058521801,6481.0637462985915,1.0,0.9,0.9,0.37349999999999994,0.1125,10.0,0.037349999999999994,5.0,11352.0
40.0,1620.2486966018769,3160.496530453602,6571.254772944517,1.0,0.9,0.9,0.37349999999999994,0.1125,10.0,0.037349999999999994,5.0,11352.0
40.25,1578.1280304537377,3113.7282316827336,6660.143737863525,1.0,0.9,0.9,0.37349999999999994,0.1125,10.0,0.037349999999999994,5.0,11352.0
40.5,1537.709439392467,3066.5732162279273,6747.717344379602,1.0,0.9,0.9,0.37349999999999994,0.1125,10.0,0.037349999999999994,5.0,11352.0
40.75,1498.9224696939248,3019.112814220059,6833.964716086012,1.0,0.9,0.9,0.37349999999999994,0.1125,10.0,0.037349999999999994,5.0,11352.0
41.0,1461.6990093045204,2971.4237267095245,6918.877263985952,1.0,0.9,0.9,0.37349999999999994,0.1125,10.0,0.037349999999999994,5.0,11352.0
41.25,1425.973307260676,2923.5781364396635,7002.448556299657,1.0,0.9,0.9,0.37349999999999994,0.1125,10.0,0.037349999999999994,5.0,11352.0
41.5,1391.6819769330064,2875.6438316799677,7084.674191387023,1.0,0.9,0.9,0.37349999999999994,0.1125,10.0,0.037349999999999994,5.0,11352.0
41.75,1358.7639853412957,2827.6843405056793,7165.551674153022,1.0,0.9,0.9,0.37349999999999994,0.1125,10.0,0.037349999999999994,5.0,11352.0
42.0,1327.1606305809767,2779.759073189276,7245.080296229744,1.0,0.9,0.9,0.37349999999999994,0.1125,10.0,0.037349999999999994,5.0,11352.0
42.25,1296.815509204628,2731.9234706321763,7323.261020163192,1.0,0.9,0.9,0.37349999999999994,0.1125,10.0,0.037349999999999994,5.0,11352.0
42.5,1267.674475214726,2684.229157010548,7400.096367774722,1.0,0.9,0.9,0.37349999999999994,0.1125,10.0,0.037349999999999994,5.0,11352.0
42.75,1239.6855921477209,2636.7240950366318,7475.590312815644,1.0,0.9,0.9,0.37349999999999994,0.1125,10.0,0.037349999999999994,5.0,11352.0
43.0,1212.7990795651256,2589.4527424463217,7549.748177988549,1.0,0.9,0.9,0.37349999999999994,0.1125,10.0,0.037349999999999994,5.0,11352.0
43.25,1186.9672551150907,2542.4562085150537,7622.576536369852,1.0,0.9,0.9,0.37349999999999994,0.1125,10.0,0.037349999999999994,5.0,11352.0
43.5,1162.1444731878712,2495.772409577787,7694.083117234338,1.0,0.9,0.9,0.37349999999999994,0.1125,10.0,0.037349999999999994,5.0,11352.0
43.75,1138.2870610605166,2449.4362226857666,7764.276716253713,1.0,0.9,0.9,0.37349999999999994,0.1125,10.0,0.037349999999999994,5.0,11352.0
44.0,1115.3532533096293,2403.479636673617,7833.1671100167505,1.0,0.9,0.9,0.37349999999999994,0.1125,10.0,0.037349999999999994,5.0,11352.0
44.25,1093.303125165641,2357.9319000361597,7900.764974798196,1.0,0.9,0.9,0.37349999999999994,0.1125,10.0,0.037349999999999994,5.0,11352.0
44.5,1072.098525387163,2312.8196651261205,7967.081809486713,1.0,0.9,0.9,0.37349999999999994,0.1125,10.0,0.037349999999999994,5.0,11352.0
44.75,1051.7030091489041,2268.167128282707,8032.129862568385,1.0,0.9,0.9,0.37349999999999994,0.1125,10.0,0.037349999999999994,5.0,11352.0
45.0,1032.081771360756,2223.9961655879038,8095.922063051336,1.0,0.9,0.9,0.37349999999999994,0.1125,10.0,0.037349999999999994,5.0,11352.0
45.25,1013.201580768202,2180.326464023298,8158.471955208496,1.0,0.9,0.9,0.37349999999999994,0.1125,10.0,0.037349999999999994,5.0,11352.0
45.5,995.0307151245429,2137.1756478663015,8219.793637009152,1.0,0.9,0.9,0.37349999999999994,0.1125,10.0,0.037349999999999994,5.0,11352.0
45.75,977.5388976728533,2094.5594002217513,8279.901702105391,1.0,0.9,0.9,0.37349999999999994,0.1125,10.0,0.037349999999999994,5.0,11352.0
46.0,960.6972351294611,2052.491579633907,8338.811185236627,1.0,0.9,0.9,0.37349999999999994,0.1125,10.0,0.037349999999999994,5.0,11352.0
46.25,944.4781573204456,2010.9843317657187,8396.537510913831,1.0,0.9,0.9,0.37349999999999994,0.1125,10.0,0.037349999999999994,5.0,11352.0
46.5,928.8553585876058,1970.0481961676478,8453.096445244742,1.0,0.9,0.9,0.37349999999999994,0.1125,10.0,0.037349999999999994,5.0,11352.0
46.75,913.8037410500181,1929.6922081880205,8508.504050761958,1.0,0.9,0.9,0.37349999999999994,0.1125,10.0,0.037349999999999994,5.0,11352.0
47.0,899.2993597811754,1889.923996101575,8562.776644117246,1.0,0.9,0.9,0.37349999999999994,0.1125,10.0,0.037349999999999994,5.0,11352.0
47.25,885.3193699393223,1850.7498735530714,8615.930756507603,1.0,0.9,0.9,0.37349999999999994,0.1125,10.0,0.037349999999999994,5.0,11352.0
47.5,871.8419758695433,1812.1749274291703,8667.983096701284,1.0,0.9,0.9,0.37349999999999994,0.1125,10.0,0.037349999999999994,5.0,11352.0
47.75,858.8463821800473,1774.203101284721,8718.95051653523,1.0,0.9,0.9,0.37349999999999994,0.1125,10.0,0.037349999999999994,5.0,11352.0
48.0,846.3127467815616,1736.837274459574,8768.849978758863,1.0,0.9,0.9,0.37349999999999994,0.1125,10.0,0.037349999999999994,5.0,11352.0
48.25,834.2221358674938,1700.0793370294664,8817.698527103039,1.0,0.9,0.9,0.37349999999999994,0.1125,10.0,0.037349999999999994,5.0,11352.0
48.5,822.556480803258,1663.9302607397485,8865.513258456993,1.0,0.9,0.9,0.37349999999999994,0.1125,10.0,0.037349999999999994,5.0,11352.0
48.75,811.2985368856292,1628.3901660740719,8912.311297040298,1.0,0.9,0.9,0.37349999999999994,0.1125,10.0,0.037349999999999994,5.0,11352.0
49.0,800.4318439269712,1593.4583856118966,8958.109770461131,1.0,0.9,0.9,0.37349999999999994,0.1125,10.0,0.037349999999999994,5.0,11352.0
49.25,789.9406886144633,1559.1335238290699,9002.925787556465,1.0,0.9,0.9,0.37349999999999994,0.1125,10.0,0.037349999999999994,5.0,11352.0
49.5,779.8100685908638,1525.4135134949768,9046.776417914158,1.0,0.9,0.9,0.37349999999999994,0.1125,10.0,0.037349999999999994,5.0,11352.0
49.75,770.0256582007212,1492.2956688180732,9089.678672981205,1.0,0.9,0.9,0.37349999999999994,0.1125,10.0,0.037349999999999994,5.0,11352.0
50.0,760.5737758441435,1459.7767354891425,9131.649488666713,1.0,0.9,0.9,0.37349999999999994,0.1125,10.0,0.037349999999999994,5.0,11352.0
50.25,751.4413528791428,1427.852937768511,9172.705709352345,1.0,0.9,0.9,0.37349999999999994,0.1125,10.0,0.037349999999999994,5.0,11352.0
50.5,742.6159040130607,1396.5200227598539,9212.864073227085,1.0,0.9,0.9,0.37349999999999994,0.1125,10.0,0.037349999999999994,5.0,11352.0
50.75,734.0854991235799,1365.7733020092137,9252.141198867206,1.0,0.9,0.9,0.37349999999999994,0.1125,10.0,0.037349999999999994,5.0,11352.0
51.0,725.838736450229,1335.6076905635555,9290.553572986215,1.0,0.9,0.9,0.37349999999999994,0.1125,10.0,0.037349999999999994,5.0,11352.0
51.25,717.8647170980404,1306.017743618644,9328.117539283316,1.0,0.9,0.9,0.37349999999999994,0.1125,10.0,0.037349999999999994,5.0,11352.0
51.5,710.1530207960482,1276.997690881362,9364.84928832259,1.0,0.9,0.9,0.37349999999999994,0.1125,10.0,0.037349999999999994,5.0,11352.0
51.75,702.6936828545671,1248.5414687668047,9400.764848378629,1.0,0.9,0.9,0.37349999999999994,0.1125,10.0,0.037349999999999994,5.0,11352.0
52.0,695.4771722666239,1220.6427505456813,9435.880077187696,1.0,0.9,0.9,0.37349999999999994,0.1125,10.0,0.037349999999999994,5.0,11352.0
52.25,688.494370900483,1193.294974552725,9470.210654546792,1.0,0.9,0.9,0.37349999999999994,0.1125,10.0,0.037349999999999994,5.0,11352.0
52.5,681.7365537318769,1166.4913705620359,9503.772075706087,1.0,0.9,0.9,0.37349999999999994,0.1125,10.0,0.037349999999999994,5.0,11352.0
52.75,675.1953700663012,1140.2249844305543,9536.579645503145,1.0,0.9,0.9,0.37349999999999994,0.1125,10.0,0.037349999999999994,5.0,11352.0
53.0,668.8628257035225,1114.4887011062235,9568.648473190255,1.0,0.9,0.9,0.37349999999999994,0.1125,10.0,0.037349999999999994,5.0,11352.0
53.25,662.7312659982733,1089.2752660928602,9599.993467908867,1.0,0.9,0.9,0.37349999999999994,0.1125,10.0,0.037349999999999994,5.0,11352.0
53.5,656.7933597729343,1064.5773054593376,9630.62933476773,1.0,0.9,0.9,0.37349999999999994,0.1125,10.0,0.037349999999999994,5.0,11352.0
53.75,651.042084039832,1040.387344476396,9660.570571483773,1.0,0.9,0.9,0.37349999999999994,0.1125,10.0,0.037349999999999994,5.0,11352.0
54.0,645.4707094925875,1016.697824960242,9689.831465547171,1.0,0.9,0.9,0.37349999999999994,0.1125,10.0,0.037349999999999994,5.0,11352.0
54.25,640.0727867277307,993.5011213980921,9718.426091874178,1.0,0.9,0.9,0.37349999999999994,0.1125,10.0,0.037349999999999994,5.0,11352.0
54.5,634.8421331595418,970.7895559269596,9746.3683109135,1.0,0.9,0.9,0.37349999999999994,0.1125,10.0,0.037349999999999994,5.0,11352.0
54.75,629.7728205927842,948.5554122332715,9773.671767173946,1.0,0.9,0.9,0.37349999999999994,0.1125,10.0,0.037349999999999994,5.0,11352.0
55.0,624.8591634196465,926.7909484373483,9800.349888143008,1.0,0.9,0.9,0.37349999999999994,0.1125,10.0,0.037349999999999994,5.0,11352.0
55.25,620.0957074088226,905.4884090233718,9826.415883567808,1.0,0.9,0.9,0.37349999999999994,0.1125,10.0,0.037349999999999994,5.0,11352.0
55.5,615.4772190562059,884.6400358722062,9851.88274507159,1.0,0.9,0.9,0.37349999999999994,0.1125,10.0,0.037349999999999994,5.0,11352.0
55.75,610.9986754681721,864.2380784513342,9876.763246080496,1.0,0.9,0.9,0.37349999999999994,0.1125,10.0,0.037349999999999994,5.0,11352.0
56.0,606.6552547498678,844.2748032131948,9901.06994203694,1.0,0.9,0.9,0.37349999999999994,0.1125,10.0,0.037349999999999994,5.0,11352.0
56.25,602.4423268723002,824.7425022503913,9924.815170877311,1.0,0.9,0.9,0.37349999999999994,0.1125,10.0,0.037349999999999994,5.0,11352.0
56.5,598.3554449933551,805.6335012535442,9948.011053753104,1.0,0.9,0.9,0.37349999999999994,0.1125,10.0,0.037349999999999994,5.0,11352.0
56.75,594.3903372091359,786.9401668150075,9970.669495975859,1.0,0.9,0.9,0.37349999999999994,0.1125,10.0,0.037349999999999994,5.0,11352.0
57.0,590.542898713231,768.6549131192402,9992.80218816753,1.0,0.9,0.9,0.37349999999999994,0.1125,10.0,0.037349999999999994,5.0,11352.0
57.25,586.8091843426774,750.7702080583151,10014.42060759901,1.0,0.9,0.9,0.37349999999999994,0.1125,10.0,0.037349999999999994,5.0,11352.0
57.5,583.185401490489,733.2785788088636,10035.53601970065,1.0,0.9,0.9,0.37349999999999994,0.1125,10.0,0.037349999999999994,5.0,11352.0
57.75,579.667903365675,716.1726169046783,10056.15947972965,1.0,0.9,0.9,0.37349999999999994,0.1125,10.0,0.037349999999999994,5.0,11352.0
58.0,576.2531825826751,699.4449828372341,10076.301834580094,1.0,0.9,0.9,0.37349999999999994,0.1125,10.0,0.037349999999999994,5.0,11352.0
58.25,572.9378650630874,683.0884102145245,10095.973724722391,1.0,0.9,0.9,0.37349999999999994,0.1125,10.0,0.037349999999999994,5.0,11352.0
58.5,569.7187042334755,667.095709506853,10115.185586259675,1.0,0.9,0.9,0.37349999999999994,0.1125,10.0,0.037349999999999994,5.0,11352.0
58.75,566.592575503898,651.4597714065502,10133.947653089555,1.0,0.9,0.9,0.37349999999999994,0.1125,10.0,0.037349999999999994,5.0,11352.0
59.0,563.5564710126228,636.1735698270163,10152.269959160365,1.0,0.9,0.9,0.37349999999999994,0.1125,10.0,0.037349999999999994,5.0,11352.0
59.25,560.6074946232583,621.2301645649959,10170.16234081175,1.0,0.9,0.9,0.37349999999999994,0.1125,10.0,0.037349999999999994,5.0,11352.0
59.5,557.7428571612752,606.6227036485885,10187.63443919014,1.0,0.9,0.9,0.37349999999999994,0.1125,10.0,0.037349999999999994,5.0,11352.0
59.75,554.9598718775802,592.344425392167,10204.695702730256,1.0,0.9,0.9,0.37349999999999994,0.1125,10.0,0.037349999999999994,5.0,11352.0
60.0,552.25595012747,578.3886601781224,10221.35538969441,1.0,0.9,0.9,0.37349999999999994,0.1125,10.0,0.037349999999999994,5.0,11352.0
60.25,549.6285972539124,564.7488319841704,10237.62257076192,1.0,0.9,0.9,0.37349999999999994,0.1125,10.0,0.037349999999999994,5.0,11352.0
60.5,547.0754086646967,551.4184596738312,10253.506131661474,1.0,0.9,0.9,0.37349999999999994,0.1125,10.0,0.037349999999999994,5.0,11352.0
60.75,544.5940660935531,538.3911580666482,10269.0147758398,1.0,0.9,0.9,0.37349999999999994,0.1125,10.0,0.037349999999999994,5.0,11352.0
61.0,542.1823340358707,525.6606388037062,10284.157027160425,1.0,0.9,0.9,0.37349999999999994,0.1125,10.0,0.037349999999999994,5.0,11352.0
61.25,539.8380563501449,513.2207110230777,10298.94123262678,1.0,0.9,0.9,0.37349999999999994,0.1125,10.0,0.037349999999999994,5.0,11352.0
61.5,537.5591530167604,501.0652818589382,10313.375565124303,1.0,0.9,0.9,0.37349999999999994,0.1125,10.0,0.037349999999999994,5.0,11352.0
61.75,535.3436170461597,489.18835677725633,10327.468026176586,1.0,0.9,0.9,0.37349999999999994,0.1125,10.0,0.037349999999999994,5.0,11352.0
62.0,533.1895115288775,477.5840397601782,10341.226448710946,1.0,0.9,0.9,0.37349999999999994,0.1125,10.0,0.037349999999999994,5.0,11352.0
62.25,531.0949668203166,466.24653335048407,10354.658499829202,1.0,0.9,0.9,0.37349999999999994,0.1125,10.0,0.037349999999999994,5.0,11352.0
62.5,529.058177853522,455.1701385667963,10367.771683579684,1.0,0.9,0.9,0.37349999999999994,0.1125,10.0,0.037349999999999994,5.0,11352.0
62.75,527.0774015735686,444.3492546995585,10380.573343726875,1.0,0.9,0.9,0.37349999999999994,0.1125,10.0,0.037349999999999994,5.0,11352.0
63.0,525.1509544875158,433.7783789971862,10393.070666515301,1.0,0.9,0.9,0.37349999999999994,0.1125,10.0,0.037349999999999994,5.0,11352.0
63.25,523.277210324202,423.45210625120427,10405.270683424596,1.0,0.9,0.9,0.37349999999999994,0.1125,10.0,0.037349999999999994,5.0,11352.0
63.5,521.4545977984556,413.3651282886355,10417.18027391291,1.0,0.9,0.9,0.37349999999999994,0.1125,10.0,0.037349999999999994,5.0,11352.0
63.75,519.6815984745854,403.51223337938785,10428.80616814603,1.0,0.9,0.9,0.37349999999999994,0.1125,10.0,0.037349999999999994,5.0,11352.0
64.0,517.956744724281,393.888305565897,10440.154949709824,1.0,0.9,0.9,0.37349999999999994,0.1125,10.0,0.037349999999999994,5.0,11352.0
64.25,516.2786177743129,384.4883239218242,10451.233058303866,1.0,0.9,0.9,0.37349999999999994,0.1125,10.0,0.037349999999999994,5.0,11352.0
64.5,514.6458458396619,375.3073617461739,10462.046792414167,1.0,0.9,0.9,0.37349999999999994,0.1125,10.0,0.037349999999999994,5.0,11352.0
64.75,513.0571023379345,366.34058569879016,10472.602311963277,1.0,0.9,0.9,0.37349999999999994,0.1125,10.0,0.037349999999999994,5.0,11352.0
65.0,511.51110418113996,357.5832548828062,10482.905640936056,1.0,0.9,0.9,0.37349999999999994,0.1125,10.0,0.037349999999999994,5.0,11352.0
65.25,510.0066101411061,349.0307198792612,10492.962669979635,1.0,0.9,0.9,0.37349999999999994,0.1125,10.0,0.037349999999999994,5.0,11352.0
65.5,508.54241928500466,340.6784217387584,10502.77915897624,1.0,0.9,0.9,0.37349999999999994,0.1125,10.0,0.037349999999999994,5.0,11352.0
65.75,507.11736947764086,332.52189093471964,10512.360739587642,1.0,0.9,0.9,0.37349999999999994,0.1125,10.0,0.037349999999999994,5.0,11352.0
66.0,505.7303359473319,324.5567462824896,10521.71291777018,1.0,0.9,0.9,0.37349999999999994,0.1125,10.0,0.037349999999999994,5.0,11352.0
66.25,504.3802299123649,316.7786938282616,10530.841076259376,1.0,0.9,0.9,0.37349999999999994,0.1125,10.0,0.037349999999999994,5.0,11352.0
66.5,503.0659972651766,309.1835257115301,10539.750477023295,1.0,0.9,0.9,0.37349999999999994,0.1125,10.0,0.037349999999999994,5.0,11352.0
66.75,501.78661731154585,301.767119004524,10548.446263683933,1.0,0.9,0.9,0.37349999999999994,0.1125,10.0,0.037349999999999994,5.0,11352.0
67.0,500.54110156222566,294.52543453184194,10556.933463905934,1.0,0.9,0.9,0.37349999999999994,0.1125,10.0,0.037349999999999994,5.0,11352.0
67.25,499.3284925745728,287.4545156732867,10565.216991752142,1.0,0.9,0.9,0.37349999999999994,0.1125,10.0,0.037349999999999994,5.0,11352.0
67.5,498.14786284185845,280.55048715268987,10573.301650005453,1.0,0.9,0.9,0.37349999999999994,0.1125,10.0,0.037349999999999994,5.0,11352.0
67.75,496.9983137280571,273.8095538153218,10581.192132456623,1.0,0.9,0.9,0.37349999999999994,0.1125,10.0,0.037349999999999994,5.0,11352.0
68.0,495.87897444602476,267.22799939629823,10588.893026157679,1.0,0.9,0.9,0.37349999999999994,0.1125,10.0,0.037349999999999994,5.0,11352.0
68.25,494.7890010770802,260.80218528222196,10596.408813640699,1.0,0.9,0.9,0.37349999999999994,0.1125,10.0,0.037349999999999994,5.0,11352.0
68.5,493.727575630103,254.52854926813663,10603.743875101762,1.0,0.9,0.9,0.37349999999999994,0.1125,10.0,0.037349999999999994,5.0,11352.0
68.75,492.69390513835674,248.40360431171652,10610.902490549928,1.0,0.9,0.9,0.37349999999999994,0.1125,10.0,0.037349999999999994,5.0,11352.0
69.0,491.68722079233277,242.42393728647343,10617.888841921194,1.0,0.9,0.9,0.37349999999999994,0.1125,10.0,0.037349999999999994,5.0,11352.0
69.25,490.7067771069964,236.58620773562774,10624.707015157377,1.0,0.9,0.9,0.37349999999999994,0.1125,10.0,0.037349999999999994,5.0,11352.0
69.5,489.7518511218956,230.88714662816406,10631.361002249942,1.0,0.9,0.9,0.37349999999999994,0.1125,10.0,0.037349999999999994,5.0,11352.0
69.75,488.8217416326683,225.32355511847422,10637.854703248859,1.0,0.9,0.9,0.37349999999999994,0.1125,10.0,0.037349999999999994,5.0,11352.0
70.0,487.91576845255713,219.8923033108783,10644.191928236565,1.0,0.9,0.9,0.37349999999999994,0.1125,10.0,0.037349999999999994,5.0,11352.0
70.25,487.0332717026055,214.59032903021148,10650.376399267183,1.0,0.9,0.9,0.37349999999999994,0.1125,10.0,0.037349999999999994,5.0,11352.0
70.5,486.17361112927676,209.4146365995655,10656.411752271157,1.0,0.9,0.9,0.37349999999999994,0.1125,10.0,0.037349999999999994,5.0,11352.0
70.75,485.33616544829647,204.36229562618303,10662.30153892552,1.0,0.9,0.9,0.37349999999999994,0.1125,10.0,0.037349999999999994,5.0,11352.0
71.0,484.5203317135768,199.43043979641632,10668.049228490006,1.0,0.9,0.9,0.37349999999999994,0.1125,10.0,0.037349999999999994,5.0,11352.0
71.25,483.7255247101366,194.61626568058233,10673.65820960928,1.0,0.9,0.9,0.37349999999999994,0.1125,10.0,0.037349999999999994,5.0,11352.0
71.5,482.9511763699829,189.91703154846968,10679.131792081547,1.0,0.9,0.9,0.37349999999999994,0.1125,10.0,0.037349999999999994,5.0,11352.0
71.75,482.1967352099684,185.33005619618345,10684.473208593849,1.0,0.9,0.9,0.37349999999999994,0.1125,10.0,0.037349999999999994,5.0,11352.0
72.0,481.461665790687,180.85271778494717,10689.685616424365,1.0,0.9,0.9,0.37349999999999994,0.1125,10.0,0.037349999999999994,5.0,11352.0
72.25,480.7454481955129,176.48245269241966,10694.772099112068,1.0,0.9,0.9,0.37349999999999994,0.1125,10.0,0.037349999999999994,5.0,11352.0
72.5,480.04757752893164,172.21675437702658,10699.735668094043,1.0,0.9,0.9,0.37349999999999994,0.1125,10.0,0.037349999999999994,5.0,11352.0
72.75,479.3675634333516,168.0531722557527,10704.579264310896,1.0,0.9,0.9,0.37349999999999994,0.1125,10.0,0.037349999999999994,5.0,11352.0
73.0,478.7049296236212,163.9893105957901,10709.30575978059,1.0,0.9,0.9,0.37349999999999994,0.1125,10.0,0.037349999999999994,5.0,11352.0
73.25,478.05921343851423,160.02282742039048,10713.917959141096,1.0,0.9,0.9,0.37349999999999994,0.1125,10.0,0.037349999999999994,5.0,11352.0
73.5,477.4299654084802,156.15143342922605,10718.418601162295,1.0,0.9,0.9,0.37349999999999994,0.1125,10.0,0.037349999999999994,5.0,11352.0
73.75,476.8167488389873,152.37289093352197,10722.810360227491,1.0,0.9,0.9,0.37349999999999994,0.1125,10.0,0.037349999999999994,5.0,11352.0
74.0,476.2191394088187,148.68501280618526,10727.095847784996,1.0,0.9,0.9,0.37349999999999994,0.1125,10.0,0.037349999999999994,5.0,11352.0
74.25,475.63672478271053,145.08566144711946,10731.27761377017,1.0,0.9,0.9,0.37349999999999994,0.1125,10.0,0.037349999999999994,5.0,11352.0
74.5,475.0691042377486,141.57274776388113,10735.35814799837,1.0,0.9,0.9,0.37349999999999994,0.1125,10.0,0.037349999999999994,5.0,11352.0
74.75,474.51588830296726,138.14423016780333,10739.33988152923,1.0,0.9,0.9,0.37349999999999994,0.1125,10.0,0.037349999999999994,5.0,11352.0
75.0,473.9766984116185,134.79811358568261,10743.2251880027,1.0,0.9,0.9,0.37349999999999994,0.1125,10.0,0.037349999999999994,5.0,11352.0
75.25,473.4511665656045,131.53244848709926,10747.016384947297,1.0,0.9,0.9,0.37349999999999994,0.1125,10.0,0.037349999999999994,5.0,11352.0
75.5,472.9389350115881,128.345329927416,10750.715735060998,1.0,0.9,0.9,0.37349999999999994,0.1125,10.0,0.037349999999999994,5.0,11352.0
75.75,472.43965592831825,125.23489660647732,10754.325447465206,1.0,0.9,0.9,0.37349999999999994,0.1125,10.0,0.037349999999999994,5.0,11352.0
76.0,471.95299112472804,122.19932994301035,10757.847678932263,1.0,0.9,0.9,0.37349999999999994,0.1125,10.0,0.037349999999999994,5.0,11352.0
76.25,471.47861174838255,119.23685316470866,10761.28453508691,1.0,0.9,0.9,0.37349999999999994,0.1125,10.0,0.037349999999999994,5.0,11352.0
76.5,471.0161980038716,116.34573041396222,10764.638071582167,1.0,0.9,0.9,0.37349999999999994,0.1125,10.0,0.037349999999999994,5.0,11352.0
76.75,470.5654388807612,113.52426586917994,10767.91029525006,1.0,0.9,0.9,0.37349999999999994,0.1125,10.0,0.037349999999999994,5.0,11352.0
77.0,470.1260318907343,110.77080288163616,10771.10316522763,1.0,0.9,0.9,0.37349999999999994,0.1125,10.0,0.037349999999999994,5.0,11352.0
77.25,469.69768281356676,108.08372312775766,10774.218594058677,1.0,0.9,0.9,0.37349999999999994,0.1125,10.0,0.037349999999999994,5.0,11352.0
77.5,469.2801054516006,105.46144577675564,10777.258448771645,1.0,0.9,0.9,0.37349999999999994,0.1125,10.0,0.037349999999999994,5.0,11352.0
77.75,468.8730213923907,102.90242667349433,10780.224551934116,1.0,0.9,0.9,0.37349999999999994,0.1125,10.0,0.037349999999999994,5.0,11352.0
78.0,468.47615977921515,100.40515753647783,10783.118682684308,1.0,0.9,0.9,0.37349999999999994,0.1125,10.0,0.037349999999999994,5.0,11352.0
78.25,468.08925708915325,97.96816517082631,10785.942577740021,1.0,0.9,0.9,0.37349999999999994,0.1125,10.0,0.037349999999999994,5.0,11352.0
78.5,467.7120569184461,95.59001069610396,10788.69793238545,1.0,0.9,0.9,0.37349999999999994,0.1125,10.0,0.037349999999999994,5.0,11352.0
78.75,467.3443097748692,93.26928878885292,10791.386401436279,1.0,0.9,0.9,0.37349999999999994,0.1125,10.0,0.037349999999999994,5.0,11352.0
79.0,466.9857728768558,91.00462693967987,10794.009600183464,1.0,0.9,0.9,0.37349999999999994,0.1125,10.0,0.037349999999999994,5.0,11352.0
79.25,466.6362099591215,88.79468472473566,10796.569105316143,1.0,0.9,0.9,0.37349999999999994,0.1125,10.0,0.037349999999999994,5.0,11352.0
79.5,466.2953910845519,86.6381530914221,10799.066455824026,1.0,0.9,0.9,0.37349999999999994,0.1125,10.0,0.037349999999999994,5.0,11352.0
79.75,465.9630924621228,84.53375365815494,10801.503153879723,1.0,0.9,0.9,0.37349999999999994,0.1125,10.0,0.037349999999999994,5.0,11352.0
80.0,465.6390962706348,82.4802380280073,10803.88066570136,1.0,0.9,0.9,0.37349999999999994,0.1125,10.0,0.037349999999999994,5.0,11352.0
80.25,465.3231904880505,80.47638711605389,10806.200422395897,1.0,0.9,0.9,0.37349999999999994,0.1125,10.0,0.037349999999999994,5.0,11352.0
80.5,465.01516872623307,78.52101049023229,10808.463820783536,1.0,0.9,0.9,0.37349999999999994,0.1125,10.0,0.037349999999999994,5.0,11352.0
80.75,464.7148300708923,76.61294572553527,10810.672224203574,1.0,0.9,0.9,0.37349999999999994,0.1125,10.0,0.037349999999999994,5.0,11352.0
81.0,464.4219789265522,74.7510577713447,10812.826963302105,1.0,0.9,0.9,0.37349999999999994,0.1125,10.0,0.037349999999999994,5.0,11352.0
81.25,464.13642486636195,72.93423833171585,10814.929336801924,1.0,0.9,0.9,0.37349999999999994,0.1125,10.0,0.037349999999999994,5.0,11352.0
81.5,463.8579824865794,71.16140525841894,10816.980612255004,1.0,0.9,0.9,0.37349999999999994,0.1125,10.0,0.037349999999999994,5.0,11352.0
81.75,463.5864712655617,69.43150195654354,10818.982026777896,1.0,0.9,0.9,0.37349999999999994,0.1125,10.0,0.037349999999999994,5.0,11352.0
82.0,463.3217154271074,67.74349680247006,10820.934787770424,1.0,0.9,0.9,0.37349999999999994,0.1125,10.0,0.037349999999999994,5.0,11352.0
82.25,463.063543807996,66.09638257401198,10822.840073617994,1.0,0.9,0.9,0.37349999999999994,0.1125,10.0,0.037349999999999994,5.0,11352.0
82.5,462.8117897295818,64.48917589253212,10824.699034377887,1.0,0.9,0.9,0.37349999999999994,0.1125,10.0,0.037349999999999994,5.0,11352.0
82.75,462.5662908733008,62.920916676835674,10826.512792449865,1.0,0.9,0.9,0.37349999999999994,0.1125,10.0,0.037349999999999994,5.0,11352.0
83.0,462.32688915995703,61.39066760864343,10828.282443231401,1.0,0.9,0.9,0.37349999999999994,0.1125,10.0,0.037349999999999994,5.0,11352.0
83.25,462.0934306326592,59.89751360944818,10830.009055757893,1.0,0.9,0.9,0.37349999999999994,0.1125,10.0,0.037349999999999994,5.0,11352.0
83.5,461.8657653432832,58.44056132855841,10831.693673328158,1.0,0.9,0.9,0.37349999999999994,0.1125,10.0,0.037349999999999994,5.0,11352.0
83.75,461.64374724234204,57.01893864213388,10833.337314115524,1.0,0.9,0.9,0.37349999999999994,0.1125,10.0,0.037349999999999994,5.0,11352.0
84.0,461.4272340721473,55.63179416301862,10834.940971764834,1.0,0.9,0.9,0.37349999999999994,0.1125,10.0,0.037349999999999994,5.0,11352.0
84.25,461.21608726315316,54.27829676117788,10836.50561597567,1.0,0.9,0.9,0.37349999999999994,0.1125,10.0,0.037349999999999994,5.0,11352.0
84.5,461.0101718333758,52.95763509454707,10838.032193072078,1.0,0.9,0.9,0.37349999999999994,0.1125,10.0,0.037349999999999994,5.0,11352.0
84.75,460.80935629078687,51.66901715010186,10839.521626559112,1.0,0.9,0.9,0.37349999999999994,0.1125,10.0,0.037349999999999994,5.0,11352.0
85.0,460.613512538582,50.41166979496012,10840.974817666458,1.0,0.9,0.9,0.37349999999999994,0.1125,10.0,0.037349999999999994,5.0,11352.0
85.25,460.4225157832305,49.18483833732837,10842.392645879441,1.0,0.9,0.9,0.37349999999999994,0.1125,10.0,0.037349999999999994,5.0,11352.0
85.5,460.2362444452148,47.987786097106685,10843.775969457678,1.0,0.9,0.9,0.37349999999999994,0.1125,10.0,0.037349999999999994,5.0,11352.0
85.75,460.05458007237223,46.81979398596814,10845.125625941659,1.0,0.9,0.9,0.37349999999999994,0.1125,10.0,0.037349999999999994,5.0,11352.0
86.0,459.8774072557542,45.680160096730816,10846.442432647515,1.0,0.9,0.9,0.37349999999999994,0.1125,10.0,0.037349999999999994,5.0,11352.0
86.25,459.7046135479222,44.56819930184224,10847.727187150234,1.0,0.9,0.9,0.37349999999999994,0.1125,10.0,0.037349999999999994,5.0,11352.0
86.5,459.53608938360173,43.48324286079837,10848.980667755599,1.0,0.9,0.9,0.37349999999999994,0.1125,10.0,0.037349999999999994,5.0,11352.0
86.75,459.37172800261885,42.42463803632131,10850.203633961059,1.0,0.9,0.9,0.37349999999999994,0.1125,10.0,0.037349999999999994,5.0,11352.0
87.0,459.2114253750464,41.39174771912222,10851.39682690583,1.0,0.9,0.9,0.37349999999999994,0.1125,10.0,0.037349999999999994,5.0,11352.0
87.25,459.0550801284903,40.383950061078025,10852.560969810429,1.0,0.9,0.9,0.37349999999999994,0.1125,10.0,0.037349999999999994,5.0,11352.0
87.5,458.9025934774475,39.400638116652985,10853.696768405896,1.0,0.9,0.9,0.37349999999999994,0.1125,10.0,0.037349999999999994,5.0,11352.0
87.75,458.75386915467124,38.44121949239839,10854.804911352927,1.0,0.9,0.9,0.37349999999999994,0.1125,10.0,0.037349999999999994,5.0,11352.0
88.0,458.60881334447987,37.50511600436606,10855.886070651151,1.0,0.9,0.9,0.37349999999999994,0.1125,10.0,0.037349999999999994,5.0,11352.0
88.25,458.46733461794935,36.5917633432738,10856.940902038774,1.0,0.9,0.9,0.37349999999999994,0.1125,10.0,0.037349999999999994,5.0,11352.0
88.5,458.3293438699303,35.70061074726323,10857.970045382803,1.0,0.9,0.9,0.37349999999999994,0.1125,10.0,0.037349999999999994,5.0,11352.0
88.75,458.1947542578337,34.83112068209303,10858.97412506007,1.0,0.9,0.9,0.37349999999999994,0.1125,10.0,0.037349999999999994,5.0,11352.0
89.0,458.06348114213,33.98276852861287,10859.953750329252,1.0,0.9,0.9,0.37349999999999994,0.1125,10.0,0.037349999999999994,5.0,11352.0
89.25,457.93544202850967,33.15504227736597,10860.90951569412,1.0,0.9,0.9,0.37349999999999994,0.1125,10.0,0.037349999999999994,5.0,11352.0
89.5,457.81055651165417,32.347442230170536,10861.842001258172,1.0,0.9,0.9,0.37349999999999994,0.1125,10.0,0.037349999999999994,5.0,11352.0
89.75,457.6887462205683,31.559480708532863,10862.751773070895,1.0,0.9,0.9,0.37349999999999994,0.1125,10.0,0.037349999999999994,5.0,11352.0
90.0,457.5699347654263,30.790681768747366,10863.639383465823,1.0,0.9,0.9,0.37349999999999994,0.1125,10.0,0.037349999999999994,5.0,11352.0
90.25,457.4540476858865,30.040580923541146,10864.505371390569,1.0,0.9,0.9,0.37349999999999994,0.1125,10.0,0.037349999999999994,5.0,11352.0
90.5,457.3410124008297,29.30872487012334,10865.350262729044,1.0,0.9,0.9,0.37349999999999994,0.1125,10.0,0.037349999999999994,5.0,11352.0
90.75,457.2307581594791,28.594671224501727,10866.174570616016,1.0,0.9,0.9,0.37349999999999994,0.1125,10.0,0.037349999999999994,5.0,11352.0
91.0,457.12321599385996,27.897988261931726,10866.978795744206,1.0,0.9,0.9,0.37349999999999994,0.1125,10.0,0.037349999999999994,5.0,11352.0
91.25,457.01831867255976,27.218254663365084,10867.763426664073,1.0,0.9,0.9,0.37349999999999994,0.1125,10.0,0.037349999999999994,5.0,11352.0
91.5,456.9160006557495,26.555059267768186,10868.52894007648,1.0,0.9,0.9,0.37349999999999994,0.1125,10.0,0.037349999999999994,5.0,11352.0
91.75,456.8161980514295,25.908000830182154,10869.275801118385,1.0,0.9,0.9,0.37349999999999994,0.1125,10.0,0.037349999999999994,5.0,11352.0
92.0,456.71884857286346,25.27668778539931,10870.004463641733,1.0,0.9,0.9,0.37349999999999994,0.1125,10.0,0.037349999999999994,5.0,11352.0
92.25,456.62389149716546,24.660738017132953,10870.715370485697,1.0,0.9,0.9,0.37349999999999994,0.1125,10.0,0.037349999999999994,5.0,11352.0
92.5,456.53126762500693,24.059778632559627,10871.40895374243,1.0,0.9,0.9,0.37349999999999994,0.1125,10.0,0.037349999999999994,5.0,11352.0
92.75,456.4409192414103,23.473445742115512,10872.08563501647,1.0,0.9,0.9,0.37349999999999994,0.1125,10.0,0.037349999999999994,5.0,11352.0
93.0,456.3527900775982,22.901384244430663,10872.745825677968,1.0,0.9,0.9,0.37349999999999994,0.1125,10.0,0.037349999999999994,5.0,11352.0
93.25,456.266825273867,22.34324761628721,10873.389927109843,1.0,0.9,0.9,0.37349999999999994,0.1125,10.0,0.037349999999999994,5.0,11352.0
93.5,456.18297134345636,21.798697707489797,10874.018330949051,1.0,0.9,0.9,0.37349999999999994,0.1125,10.0,0.037349999999999994,5.0,11352.0
93.75,456.1011761373843,21.26740454053871,10874.631419322075,1.0,0.9,0.9,0.37349999999999994,0.1125,10.0,0.037349999999999994,5.0,11352.0
94.0,456.021388810222,20.749046114998386,10875.229565074778,1.0,0.9,0.9,0.37349999999999994,0.1125,10.0,0.037349999999999994,5.0,11352.0
94.25,455.94355978678,20.24330821645606,10875.813131996763,1.0,0.9,0.9,0.37349999999999994,0.1125,10.0,0.037349999999999994,5.0,11352.0
94.5,455.8676407296808,19.749884229967464,10876.382475040351,1.0,0.9,0.9,0.37349999999999994,0.1125,10.0,0.037349999999999994,5.0,11352.0
94.75,455.7935845077919,19.268474957888547,10876.937940534319,1.0,0.9,0.9,0.37349999999999994,0.1125,10.0,0.037349999999999994,5.0,11352.0
95.0,455.72134516549556,18.798788441994265,10877.47986639251,1.0,0.9,0.9,0.37349999999999994,0.1125,10.0,0.037349999999999994,5.0,11352.0
95.25,455.65087789277123,18.340539789787492,10878.008582317441,1.0,0.9,0.9,0.37349999999999994,0.1125,10.0,0.037349999999999994,5.0,11352.0
95.5,455.58213899606784,17.8934510049031,10878.524409999029,1.0,0.9,0.9,0.37349999999999994,0.1125,10.0,0.037349999999999994,5.0,11352.0
95.75,455.51508586994385,17.457250821514208,10879.027663308541,1.0,0.9,0.9,0.37349999999999994,0.1125,10.0,0.037349999999999994,5.0,11352.0
96.0,455.4496769694534,17.03167454264957,10879.518648487896,1.0,0.9,0.9,0.37349999999999994,0.1125,10.0,0.037349999999999994,5.0,11352.0
96.25,455.38587178325804,16.61646388233291,10879.997664334407,1.0,0.9,0.9,0.37349999999999994,0.1125,10.0,0.037349999999999994,5.0,11352.0
96.5,455.32363080744335,16.21136681145697,10880.465002381097,1.0,0.9,0.9,0.37349999999999994,0.1125,10.0,0.037349999999999994,5.0,11352.0
96.75,455.26291552002135,15.81613740730675,10880.92094707267,1.0,0.9,0.9,0.37349999999999994,0.1125,10.0,0.037349999999999994,5.0,11352.0
97.0,455.20368835609924,15.430535706648374,10881.365775937249,1.0,0.9,0.9,0.37349999999999994,0.1125,10.0,0.037349999999999994,5.0,11352.0
97.25,455.14591268369645,15.054327562301678,10881.799759753998,1.0,0.9,0.9,0.37349999999999994,0.1125,10.0,0.037349999999999994,5.0,11352.0
97.5,455.089552780192,14.687284503116423,10882.223162716688,1.0,0.9,0.9,0.37349999999999994,0.1125,10.0,0.037349999999999994,5.0,11352.0
97.75,455.03457380938454,14.329183597273738,10882.636242593338,1.0,0.9,0.9,0.37349999999999994,0.1125,10.0,0.037349999999999994,5.0,11352.0
98.0,454.98094179914887,13.979807318836086,10883.039250882011,1.0,0.9,0.9,0.37349999999999994,0.1125,10.0,0.037349999999999994,5.0,11352.0
98.25,454.928623619672,13.638943417470683,10883.432432962854,1.0,0.9,0.9,0.37349999999999994,0.1125,10.0,0.037349999999999994,5.0,11352.0
98.5,454.87758696225336,13.306384791272977,10883.81602824647,1.0,0.9,0.9,0.37349999999999994,0.1125,10.0,0.037349999999999994,5.0,11352.0
98.75,454.82780031865343,12.98192936261833,10884.190270318724,1.0,0.9,0.9,0.37349999999999994,0.1125,10.0,0.037349999999999994,5.0,11352.0
99.0,454.77923296097646,12.665379956971654,10884.555387082048,1.0,0.9,0.9,0.37349999999999994,0.1125,10.0,0.037349999999999994,5.0,11352.0
99.25,454.731854922072,12.356544184586284,10884.911600893338,1.0,0.9,0.9,0.37349999999999994,0.1125,10.0,0.037349999999999994,5.0,11352.0
99.5,454.6856369764419,12.05523432502486,10885.25912869853,1.0,0.9,0.9,0.37349999999999994,0.1125,10.0,0.037349999999999994,5.0,11352.0
99.75,454.64055062163897,11.76126721443651,10885.598182163922,1.0,0.9,0.9,0.37349999999999994,0.1125,10.0,0.037349999999999994,5.0,11352.0
100.0,454.59656806014345,11.474464135526008,10885.928967804328,1.0,0.9,0.9,0.37349999999999994,0.1125,10.0,0.037349999999999994,5.0,11352.0
100.25,454.55366218170565,11.19465071015212,10886.251687108139,1.0,0.9,0.9,0.37349999999999994,0.1125,10.0,0.037349999999999994,5.0,11352.0
100.5,454.51180654614114,10.921656794493607,10886.566536659362,1.0,0.9,0.9,0.37349999999999994,0.1125,10.0,0.037349999999999994,5.0,11352.0
100.75,454.4709753665668,10.655316376722848,10886.873708256708,1.0,0.9,0.9,0.37349999999999994,0.1125,10.0,0.037349999999999994,5.0,11352.0
101.0,454.43114349306603,10.395467477128296,10887.173389029804,1.0,0.9,0.9,0.37349999999999994,0.1125,10.0,0.037349999999999994,5.0,11352.0
101.25,454.39228639677174,10.141952050628372,10887.465761552598,1.0,0.9,0.9,0.37349999999999994,0.1125,10.0,0.037349999999999994,5.0,11352.0
101.5,454.35438015435557,9.894615891620612,10887.751003954021,1.0,0.9,0.9,0.37349999999999994,0.1125,10.0,0.037349999999999994,5.0,11352.0
101.75,454.31740143291313,9.653308541111217,10888.029290025974,1.0,0.9,0.9,0.37349999999999994,0.1125,10.0,0.037349999999999994,5.0,11352.0
102.0,454.28132747523426,9.417883196071353,10888.300789328692,1.0,0.9,0.9,0.37349999999999994,0.1125,10.0,0.037349999999999994,5.0,11352.0
102.25,454.24613608544837,9.18819662096776,10888.565667293582,1.0,0.9,0.9,0.37349999999999994,0.1125,10.0,0.037349999999999994,5.0,11352.0
102.5,454.21180561503496,8.964109061416439,10888.824085323547,1.0,0.9,0.9,0.37349999999999994,0.1125,10.0,0.037349999999999994,5.0,11352.0
102.75,454.17831494918977,8.74548415990932,10889.0762008909,1.0,0.9,0.9,0.37349999999999994,0.1125,10.0,0.037349999999999994,5.0,11352.0
103.0,454.1456434935366,8.532188873564998,10889.322167632898,1.0,0.9,0.9,0.37349999999999994,0.1125,10.0,0.037349999999999994,5.0,11352.0
103.25,454.11377116117694,8.324093393855655,10889.562135444967,1.0,0.9,0.9,0.37349999999999994,0.1125,10.0,0.037349999999999994,5.0,11352.0
103.5,454.0826783600669,8.121071068263495,10889.79625057167,1.0,0.9,0.9,0.37349999999999994,0.1125,10.0,0.037349999999999994,5.0,11352.0
103.75,454.0523459807145,7.922998323820974,10890.024655695464,1.0,0.9,0.9,0.37349999999999994,0.1125,10.0,0.037349999999999994,5.0,11352.0
104.0,454.0227553841878,7.729754592490231,10890.247490023321,1.0,0.9,0.9,0.37349999999999994,0.1125,10.0,0.037349999999999994,5.0,11352.0
104.25,453.99388839042615,7.541222238338103,10890.464889371235,1.0,0.9,0.9,0.37349999999999994,0.1125,10.0,0.037349999999999994,5.0,11352.0
104.5,453.96572726684684,7.357286486464147,10890.676986246688,1.0,0.9,0.9,0.37349999999999994,0.1125,10.0,0.037349999999999994,5.0,11352.0
104.75,453.93825471723915,7.1778353536400346,10890.88390992912,1.0,0.9,0.9,0.37349999999999994,0.1125,10.0,0.037349999999999994,5.0,11352.0
105.0,453.9114538709384,7.002759580619671,10891.085786548441,1.0,0.9,0.9,0.37349999999999994,0.1125,10.0,0.037349999999999994,5.0,11352.0
105.25,453.88530827227277,6.831952566080327,10891.282739161647,1.0,0.9,0.9,0.37349999999999994,0.1125,10.0,0.037349999999999994,5.0,11352.0
105.5,453.8598018702761,6.66531030215597,10891.474887827568,1.0,0.9,0.9,0.37349999999999994,0.1125,10.0,0.037349999999999994,5.0,11352.0
105.75,453.834919008659,6.502731311524904,10891.662349679817,1.0,0.9,0.9,0.37349999999999994,0.1125,10.0,0.037349999999999994,5.0,11352.0
106.0,453.81064441603263,6.3441165860146915,10891.845238997954,1.0,0.9,0.9,0.37349999999999994,0.1125,10.0,0.037349999999999994,5.0,11352.0
106.25,453.7869631963775,6.189369526688198,10892.023667276935,1.0,0.9,0.9,0.37349999999999994,0.1125,10.0,0.037349999999999994,5.0,11352.0
106.5,453.76386081975215,6.038395885375436,10892.197743294873,1.0,0.9,0.9,0.37349999999999994,0.1125,10.0,0.037349999999999994,5.0,11352.0
106.75,453.74132311323467,5.891103707616707,10892.36757317915,1.0,0.9,0.9,0.37349999999999994,0.1125,10.0,0.037349999999999994,5.0,11352.0
107.0,453.7193362520913,5.747403276983351,10892.533260470927,1.0,0.9,0.9,0.37349999999999994,0.1125,10.0,0.037349999999999994,5.0,11352.0
107.25,453.6978867511663,5.607207060743191,10892.694906188093,1.0,0.9,0.9,0.37349999999999994,0.1125,10.0,0.037349999999999994,5.0,11352.0
107.5,453.67696145648756,5.470429656838529,10892.852608886677,1.0,0.9,0.9,0.37349999999999994,0.1125,10.0,0.037349999999999994,5.0,11352.0
107.75,453.6565475370822,5.3369877421453165,10893.006464720775,1.0,0.9,0.9,0.37349999999999994,0.1125,10.0,0.037349999999999994,5.0,11352.0
108.0,453.63663247699685,5.206800021982839,10893.156567501022,1.0,0.9,0.9,0.37349999999999994,0.1125,10.0,0.037349999999999994,5.0,11352.0
108.25,453.61720406751743,5.079787180843972,10893.30300875164,1.0,0.9,0.9,0.37349999999999994,0.1125,10.0,0.037349999999999994,5.0,11352.0
108.5,453.5982503995834,4.955871834316796,10893.445877766102,1.0,0.9,0.9,0.37349999999999994,0.1125,10.0,0.037349999999999994,5.0,11352.0
108.75,453.57975985639104,4.8349784821690065,10893.585261661443,1.0,0.9,0.9,0.37349999999999994,0.1125,10.0,0.037349999999999994,5.0,11352.0
109.0,453.5617211061818,4.717033462567253,10893.721245431254,1.0,0.9,0.9,0.37349999999999994,0.1125,10.0,0.037349999999999994,5.0,11352.0
109.25,453.5441230952101,4.6019649074041915,10893.853911997388,1.0,0.9,0.9,0.37349999999999994,0.1125,10.0,0.037349999999999994,5.0,11352.0
109.5,453.5269550408869,4.489702698706666,10893.98334226041,1.0,0.9,0.9,0.37349999999999994,0.1125,10.0,0.037349999999999994,5.0,11352.0
109.75,453.5102064250934,4.380178426099074,10894.109615148811,1.0,0.9,0.9,0.37349999999999994,0.1125,10.0,0.037349999999999994,5.0,11352.0
110.0,453.4938669876618,4.273325345296576,10894.232807667046,1.0,0.9,0.9,0.37349999999999994,0.1125,10.0,0.037349999999999994,5.0,11352.0
110.25,453.4779267200185,4.169078337603411,10894.352994942383,1.0,0.9,0.9,0.37349999999999994,0.1125,10.0,0.037349999999999994,5.0,11352.0
110.5,453.4623758589847,4.06737387039216,10894.470250270628,1.0,0.9,0.9,0.37349999999999994,0.1125,10.0,0.037349999999999994,5.0,11352.0
110.75,453.44720488073165,3.968149958540384,10894.584645160732,1.0,0.9,0.9,0.37349999999999994,0.1125,10.0,0.037349999999999994,5.0,11352.0
111.0,453.4324044948865,3.8713461268015954,10894.696249378316,1.0,0.9,0.9,0.37349999999999994,0.1125,10.0,0.037349999999999994,5.0,11352.0
111.25,453.4179656387837,3.7769033730881016,10894.805130988132,1.0,0.9,0.9,0.37349999999999994,0.1125,10.0,0.037349999999999994,5.0,11352.0
111.5,453.4038794718599,3.684764132643761,10894.9113563955,1.0,0.9,0.9,0.37349999999999994,0.1125,10.0,0.037349999999999994,5.0,11352.0
111.75,453.39013737018786,3.5948722430852342,10895.01499038673,1.0,0.9,0.9,0.37349999999999994,0.1125,10.0,0.037349999999999994,5.0,11352.0
112.0,453.3767309211455,3.507172910290813,10895.116096168565,1.0,0.9,0.9,0.37349999999999994,0.1125,10.0,0.037349999999999994,5.0,11352.0
112.25,453.363651918218,3.4216126751164033,10895.214735406667,1.0,0.9,0.9,0.37349999999999994,0.1125,10.0,0.037349999999999994,5.0,11352.0
112.5,453.350892355928,3.3381393809187343,10895.310968263155,1.0,0.9,0.9,0.37349999999999994,0.1125,10.0,0.037349999999999994,5.0,11352.0
112.75,453.3384444248921,3.2567021418663304,10895.404853433243,1.0,0.9,0.9,0.37349999999999994,0.1125,10.0,0.037349999999999994,5.0,11352.0
113.0,453.3263005069992,3.177251312019253,10895.496448180984,1.0,0.9,0.9,0.37349999999999994,0.1125,10.0,0.037349999999999994,5.0,11352.0
113.25,453.3144531707088,3.0997384551590663,10895.585808374135,1.0,0.9,0.9,0.37349999999999994,0.1125,10.0,0.037349999999999994,5.0,11352.0
113.5,453.3028951664656,3.0241163153509256,10895.672988518187,1.0,0.9,0.9,0.37349999999999994,0.1125,10.0,0.037349999999999994,5.0,11352.0
113.75,453.29161942222714,2.950338788220123,10895.758041789555,1.0,0.9,0.9,0.37349999999999994,0.1125,10.0,0.037349999999999994,5.0,11352.0
114.0,453.28061903910276,2.878360892925836,10895.841020067974,1.0,0.9,0.9,0.37349999999999994,0.1125,10.0,0.037349999999999994,5.0,11352.0
114.25,453.2698872870998,2.808138744815253,10895.921973968087,1.0,0.9,0.9,0.37349999999999994,0.1125,10.0,0.037349999999999994,5.0,11352.0
114.5,453.2594176009755,2.739629528741627,10896.000952870285,1.0,0.9,0.9,0.37349999999999994,0.1125,10.0,0.037349999999999994,5.0,11352.0
114.75,453.249203576191,2.672791473030234,10896.078004950781,1.0,0.9,0.9,0.37349999999999994,0.1125,10.0,0.037349999999999994,5.0,11352.0
115.0,453.2392389649657,2.607583824076568,10896.15317721096,1.0,0.9,0.9,0.37349999999999994,0.1125,10.0,0.037349999999999994,5.0,11352.0
115.25,453.2295176724286,2.5439668215614946,10896.226515506012,1.0,0.9,0.9,0.37349999999999994,0.1125,10.0,0.037349999999999994,5.0,11352.0
115.5,453.2200337528652,2.4819016742684443,10896.29806457287,1.0,0.9,0.9,0.37349999999999994,0.1125,10.0,0.037349999999999994,5.0,11352.0
115.75,453.21078140605675,2.4213505364880885,10896.367868057458,1.0,0.9,0.9,0.37349999999999994,0.1125,10.0,0.037349999999999994,5.0,11352.0
116.0,453.2017549737098,2.36227648499629,10896.435968541296,1.0,0.9,0.9,0.37349999999999994,0.1125,10.0,0.037349999999999994,5.0,11352.0
116.25,453.19294893597413,2.3046434965914533,10896.502407567437,1.0,0.9,0.9,0.37349999999999994,0.1125,10.0,0.037349999999999994,5.0,11352.0
116.5,453.1843579080462,2.248416426177743,10896.567225665778,1.0,0.9,0.9,0.37349999999999994,0.1125,10.0,0.037349999999999994,5.0,11352.0
116.75,453.1759766368567,2.1935609853809566,10896.630462377765,1.0,0.9,0.9,0.37349999999999994,0.1125,10.0,0.037349999999999994,5.0,11352.0
117.0,453.16779999783967,2.140043721684155,10896.692156280478,1.0,0.9,0.9,0.37349999999999994,0.1125,10.0,0.037349999999999994,5.0,11352.0
117.25,453.15982299178097,2.0878319980704707,10896.75234501015,1.0,0.9,0.9,0.37349999999999994,0.1125,10.0,0.037349999999999994,5.0,11352.0
117.5,453.1520407417449,2.036893973160807,10896.811065285097,1.0,0.9,0.9,0.37349999999999994,0.1125,10.0,0.037349999999999994,5.0,11352.0
117.75,453.1444484900761,1.987198581834442,10896.868352928093,1.0,0.9,0.9,0.37349999999999994,0.1125,10.0,0.037349999999999994,5.0,11352.0
118.0,453.13704159547564,1.9387155163208372,10896.924242888208,1.0,0.9,0.9,0.37349999999999994,0.1125,10.0,0.037349999999999994,5.0,11352.0
118.25,453.12981553014873,1.891415207751238,10896.978769262105,1.0,0.9,0.9,0.37349999999999994,0.1125,10.0,0.037349999999999994,5.0,11352.0
118.5,453.122765877023,1.845268808158916,10897.031965314824,1.0,0.9,0.9,0.37349999999999994,0.1125,10.0,0.037349999999999994,5.0,11352.0
118.75,453.1158883270353,1.8002481729171826,10897.083863500053,1.0,0.9,0.9,0.37349999999999994,0.1125,10.0,0.037349999999999994,5.0,11352.0
119.0,453.10917867648465,1.7563258436045621,10897.134495479917,1.0,0.9,0.9,0.37349999999999994,0.1125,10.0,0.037349999999999994,5.0,11352.0
119.25,453.10263282445106,1.7134750312867628,10897.183892144269,1.0,0.9,0.9,0.37349999999999994,0.1125,10.0,0.037349999999999994,5.0,11352.0
119.5,453.09624677027756,1.6716696002053424,10897.232083629524,1.0,0.9,0.9,0.37349999999999994,0.1125,10.0,0.037349999999999994,5.0,11352.0
119.75,453.0900166111139,1.6308840518632022,10897.279099337029,1.0,0.9,0.9,0.37349999999999994,0.1125,10.0,0.037349999999999994,5.0,11352.0
120.0,453.08393853952117,1.591093509497283,10897.324967950988,1.0,0.9,0.9,0.37349999999999994,0.1125,10.0,0.037349999999999994,5.0,11352.0
